p_il: [-0.011, -0.02329, 0.04412]
r_il: [1, 0, 0, 0, 1, 0, 0, 0, 1]

r_cl: [0.00162756, -0.999991, 0.00390957, -0.0126748, -0.00392989, -0.999912, 0.999918, 0.00157786, -0.012681]
p_cl: [0.0409257, 0.0318424, -0.0927219]
